-89
111
152
1
32
91
168
50
100
71
-124
152
-114
32
-159
42
101
-95
-92
-101
-60
-193
23
49
-143
-25
-189
-36
-85
-75
-4
180
-86
184
198
122
33
192
-102
72
-185
127
53
52
174
148
-125
-105
-64
182
196
-168
183
-123
48
-170
-125
-141
10
30
65
115
-166
95
130
-33
-39
-22
49
104
-113
-66
74
-103
-90
134
156
-113
-122
38
-71
36
-170
-24
-142
127
-35
-186
159
-72
81
-9
75
158
126
-4
-93
-160
-199
-119
-46
199
-16
137
-108
-22
-189
137
-33
10
-37
144
103
-110
-4
33
123
87
63
113
171
58
-8
-2
-148
-105
-99
-90
-180
-50
-120
-6
-179
8
-8
-157
-22
186
67
154
133
-157
184
-194
76
-30
-133
24
-166
109
-189
7
64
-83
119
82
34
146
-178
-197
-124
-14
-152
134
156
37
126
-105
-51
136
-176
-190
-195
-79
60
-112
6
-24
-36
105
-167
111
-9
184
-1
65
-21
-28
-81
145
-30
-109
192
58
-68
75
82
93
192
92
-196
-117
101
-100
19
-149
40
56
154
51
184
-18
-80
60
-171
35
1
197
-142
-20
-30
-109
176
-163
-31
87
-158
-15
72
102
-152
101
103
56
-175
-188
-25
103
-146
132
60
-93
138
-5
-163
-180
-110
-172
-152
6
-112
128
196
132
-144
-48
65
-160
61
77
126
-17
-186
37
67
99
67
112
-93
-24
50
-48
-64
88
-165
-148
45
-9
-46
48
53
-194
78
-5
-119
128
-26
105
-174
-30
172
-186
154
-191
-82
-25
38
95
170
-24
-83
-146
-122
-161
-28
-140
154
90
108
-156
-166
19
-89
121
-106
-117
26
-195
79
58
-123
147
33
-193
-170
-185
78
122
40
24
15
168
-140
64
47
-99
-134
35
-13
-28
-180
-75
-97
-11
-159
196
-109
-160
-74
0
13
-86
170
194
82
-197
136
15
168
53
151
-12
115
200
47
80
64
157
106
145
-194
-189
-182
199
-13
76
147
18
109
-92
103
57
30
-189
-84
-190
-85
68
-129
46
-180
-137
-134
77
-18
27
195
-79
-200
-168
157
40
-197
-163
-192
47
75
-174
79
100
-46
-81
-14
2
12
-139
103
49
-23
-43
-123
-154
191
-110
-83
195
199
161
33
-31
172
131
54
-50
113
10
-152
196
-51
145
-43
112
124
-186
125
123
-126
-107
175
-78
122
-149
-22
-108
-89
109
121
192
19
90
-95
-18
-196
-184
47
50
-57
170
9
55
-129
-145
-177
-26
-30
156
127
12
31
-150
-123
-119
191
-127
-52
62
55
-118
131
2
-193
-180
-191
-84
-156
-102
189
101
80
95
174
7
5
-185
-120
-104
76
-195
81
160
-143
-193
-38
59
92
158
101
-52
-24
-104
-108
12
11
-97
62
167
75
-74
140
21
173
-110
170
-140
-87
38
96
200
-200
170
199
74
-138
34
-147
-59
-121
-7
80
-111
-57
-113
-112
55
129
125
68
-25
-147
-109
-121
54
-177
174
98
-11
-69
-101
-101
-198
159
-105
137
-117
-44
66
153
-186
-180
-171
-33
-164
-179
-185
-95
193
5
-163
197
-59
88
-141
131
38
56
0
-16
-151
11
-168
-47
61
42
191
186
-152
-183
-180
-2
-50
-142
-189
119
-15
25
166
-40
-73
-98
-144
14
-72
24
-173
-181
142
-14
-150
184
-33
59
121
162
10
-8
-15
138
-97
111
136
20
-30
109
183
46
-170
-78
86
145
45
-121
-11
25
67
186
-189
182
84
-73
9
97
135
-146
92
-152
149
196
167
-18
169
35
-52
198
131
66
-155
126
-17
-56
-144
-199
131
-56
-98
-23
-146
-113
-138
-148
-130
-64
68
39
60
88
-53
79
157
88
-48
-27
128
-58
-105
-165
36
52
142
48
-91
126
-68
193
-91
-18
-48
27
150
155
-45
-183
166
-176
-95
-40
-143
63
-183
49
114
-8
83
-170
59
66
-140
-110
-60
12
-74
-162
-86
124
200
-118
95
-23
28
-44
152
12
-46
-147
-195
-78
-95
-182
173
98
-82
85
179
-10
-67
194
118
-20
-185
77
-95
10
-117
-26
15
-19
-83
-97
-76
-154
178
-38
-94
-22
-158
-41
-107
-186
-125
-135
107
-101
123
186
-179
-184
-148
-89
-125
17
-16
-166
45
33
-76
-200
-40
187
-87
81
179
36
-174
46
-52
163
48
-101
31
74
166
132
-163
147
156
30
-164
-73
53
161
-164
-82
-91
12
-30
-57
127
-119
158
-22
187
-139
118
-76
180
-51
-103
-98
105
-169
-136
-193
-180
-148
-36
-158
110
-53
-137
112
56
-183
-162
-186
90
-68
97
144
-169
-7
-150
28
100
53
49
-196
-184
136
65
177
-37
139
126
-68
94
185
-182
153
177
32
-46
90
-193
123
3
134
-7
39
-192
115
26
59
132
-146
27
-181
120
-75
-1
-46
-155
125
88
65
55
-132
176
17
51
157
96
-160
22
154
-119
-134
81
-80
-103
139
27
137
53
167
54
-178
90
145
89
-176
-153
-16
28
22
142
144
87
99
93
-167
161
-80
192
-110
197
-89
-85
-38
-139
-137
-33
-162
-63
-93
-177
172
-38
7
197
-4
106
26
-67
22
-115
95
-158
147
-176
171
-103
153
-62
-45
63
82
39
19
117
27
-10
-30
85
-169
12
119
169
-8
-73
-34
-44
